function y = continuous_approximation(x)
y = 0.00000015155272258226480091770872171683*x^10 - 0.0000071536269274598296459050087073845*x^9 + 0.0001303971777572392083871327563909*x^8 - 0.0010995045606939465462758976334596*x^7 + 0.0037258162990154114523653232244581*x^6 - 0.0010259996870552343406910148049331*x^5 + 0.013602006946083394013405647492928*x^4 - 0.17656845419461208651274989644893*x^3 + 0.0021022097821952274583335191849306*x^2 + 1.0006500669093092978686748764221*x - 0.00013305830970355881428577728338959;